# QGIS Generated Color Map Export File
INTERPOLATION:DISCRETE
0.10000000000000001,23,0,128,255,<= 0,1000
0.20000000000000001,22,0,229,255,0,1000 - 0,2000
0.30000000000000004,61,240,16,255,0,2000 - 0,3000
0.40000000000000002,106,175,45,255,0,3000 - 0,4000
0.5,255,255,1,255,0,4000 - 0,5000
0.60000000000000009,248,218,66,255,0,5000 - 0,6000
0.70000000000000007,255,166,1,255,0,6000 - 0,7000
0.80000000000000004,255,1,9,255,0,7000 - 0,8000
0.90000000000000002,169,16,22,255,0,8000 - 0,9000
inf,103,0,13,255,> 0,9000
